Applications Graphics Acceleration Info:
Uptime: 97798 Realtime: 97798

** Graphics info for pid 5520 [com.aicloudsolutions.chatcloud] **

Stats since: 88923966729ns
Total frames rendered: 304
Janky frames: 35 (11.51%)
Janky frames (legacy): 193 (63.49%)
50th percentile: 21ms
90th percentile: 30ms
95th percentile: 42ms
99th percentile: 81ms
Number Missed Vsync: 1
Number High input latency: 460
Number Slow UI thread: 23
Number Slow bitmap uploads: 1
Number Slow issue draw commands: 32
Number Frame deadline missed: 35
Number Frame deadline missed (legacy): 27
HISTOGRAM: 5ms=0 6ms=0 7ms=2 8ms=3 9ms=1 10ms=1 11ms=3 12ms=1 13ms=2 14ms=0 15ms=1 16ms=6 17ms=76 18ms=15 19ms=10 20ms=24 21ms=35 22ms=40 23ms=19 24ms=14 25ms=10 26ms=3 27ms=4 28ms=1 29ms=2 30ms=1 31ms=3 32ms=2 34ms=2 36ms=1 38ms=3 40ms=2 42ms=3 44ms=3 46ms=1 48ms=3 53ms=1 57ms=0 61ms=0 65ms=1 69ms=1 73ms=0 77ms=0 81ms=1 85ms=1 89ms=0 93ms=0 97ms=0 101ms=0 105ms=1 109ms=0 113ms=0 117ms=0 121ms=0 125ms=0 129ms=0 133ms=0 150ms=0 200ms=0 250ms=0 300ms=0 350ms=0 400ms=0 450ms=0 500ms=0 550ms=0 600ms=0 650ms=0 700ms=0 750ms=0 800ms=0 850ms=0 900ms=0 950ms=0 1000ms=0 1050ms=1 1100ms=0 1150ms=0 1200ms=0 1250ms=0 1300ms=0 1350ms=0 1400ms=0 1450ms=0 1500ms=0 1550ms=0 1600ms=0 1650ms=0 1700ms=0 1750ms=0 1800ms=0 1850ms=0 1900ms=0 1950ms=0 2000ms=0 2050ms=0 2100ms=0 2150ms=0 2200ms=0 2250ms=0 2300ms=0 2350ms=0 2400ms=0 2450ms=0 2500ms=0 2550ms=0 2600ms=0 2650ms=0 2700ms=0 2750ms=0 2800ms=0 2850ms=0 2900ms=0 2950ms=0 3000ms=0 3050ms=0 3100ms=0 3150ms=0 3200ms=0 3250ms=0 3300ms=0 3350ms=0 3400ms=0 3450ms=0 3500ms=0 3550ms=0 3600ms=0 3650ms=0 3700ms=0 3750ms=0 3800ms=0 3850ms=0 3900ms=0 3950ms=0 4000ms=0 4050ms=0 4100ms=0 4150ms=0 4200ms=0 4250ms=0 4300ms=0 4350ms=0 4400ms=0 4450ms=0 4500ms=0 4550ms=0 4600ms=0 4650ms=0 4700ms=0 4750ms=0 4800ms=0 4850ms=0 4900ms=0 4950ms=0
50th gpu percentile: 11ms
90th gpu percentile: 13ms
95th gpu percentile: 14ms
99th gpu percentile: 4950ms
GPU HISTOGRAM: 1ms=1 2ms=3 3ms=12 4ms=10 5ms=14 6ms=8 7ms=8 8ms=18 9ms=16 10ms=25 11ms=50 12ms=65 13ms=47 14ms=12 15ms=1 16ms=0 17ms=1 18ms=0 19ms=2 20ms=1 21ms=1 22ms=0 23ms=0 24ms=0 25ms=1 4950ms=8

Pipeline=Skia (OpenGL)
CPU Caches:
  Glyph Cache: 0.00 bytes (1 entry)
  Glyph Count: 0 
Total CPU memory usage:
  0 bytes, 0.00 bytes (0.00 bytes is purgeable)
GPU Caches:
  Other:
    Other: 0.00 bytes (1 entry)
  Image:
    Texture: 35.25 KB (1 entry)
  Scratch:
    Texture: 35.25 KB (1 entry)
    Buffer Object: 80.00 KB (2 entries)
Total GPU memory usage:
  154120 bytes, 150.51 KB (102.51 KB is purgeable)

Profile data in ms:

	com.aicloudsolutions.chatcloud/com.aicloudsolutions.chatcloud.MainActivity/android.view.ViewRootImpl@8d1946a (visibility=0)
Window: com.aicloudsolutions.chatcloud/com.aicloudsolutions.chatcloud.MainActivity
Stats since: 89227797975ns
Total frames rendered: 305
Janky frames: 35 (11.48%)
Janky frames (legacy): 194 (63.61%)
50th percentile: 21ms
90th percentile: 30ms
95th percentile: 42ms
99th percentile: 81ms
Number Missed Vsync: 1
Number High input latency: 462
Number Slow UI thread: 23
Number Slow bitmap uploads: 1
Number Slow issue draw commands: 32
Number Frame deadline missed: 35
Number Frame deadline missed (legacy): 27
HISTOGRAM: 5ms=0 6ms=0 7ms=2 8ms=3 9ms=1 10ms=1 11ms=3 12ms=1 13ms=2 14ms=0 15ms=1 16ms=6 17ms=76 18ms=15 19ms=10 20ms=24 21ms=36 22ms=40 23ms=19 24ms=14 25ms=10 26ms=3 27ms=4 28ms=1 29ms=2 30ms=1 31ms=3 32ms=2 34ms=2 36ms=1 38ms=3 40ms=2 42ms=3 44ms=3 46ms=1 48ms=3 53ms=1 57ms=0 61ms=0 65ms=1 69ms=1 73ms=0 77ms=0 81ms=1 85ms=1 89ms=0 93ms=0 97ms=0 101ms=0 105ms=1 109ms=0 113ms=0 117ms=0 121ms=0 125ms=0 129ms=0 133ms=0 150ms=0 200ms=0 250ms=0 300ms=0 350ms=0 400ms=0 450ms=0 500ms=0 550ms=0 600ms=0 650ms=0 700ms=0 750ms=0 800ms=0 850ms=0 900ms=0 950ms=0 1000ms=0 1050ms=1 1100ms=0 1150ms=0 1200ms=0 1250ms=0 1300ms=0 1350ms=0 1400ms=0 1450ms=0 1500ms=0 1550ms=0 1600ms=0 1650ms=0 1700ms=0 1750ms=0 1800ms=0 1850ms=0 1900ms=0 1950ms=0 2000ms=0 2050ms=0 2100ms=0 2150ms=0 2200ms=0 2250ms=0 2300ms=0 2350ms=0 2400ms=0 2450ms=0 2500ms=0 2550ms=0 2600ms=0 2650ms=0 2700ms=0 2750ms=0 2800ms=0 2850ms=0 2900ms=0 2950ms=0 3000ms=0 3050ms=0 3100ms=0 3150ms=0 3200ms=0 3250ms=0 3300ms=0 3350ms=0 3400ms=0 3450ms=0 3500ms=0 3550ms=0 3600ms=0 3650ms=0 3700ms=0 3750ms=0 3800ms=0 3850ms=0 3900ms=0 3950ms=0 4000ms=0 4050ms=0 4100ms=0 4150ms=0 4200ms=0 4250ms=0 4300ms=0 4350ms=0 4400ms=0 4450ms=0 4500ms=0 4550ms=0 4600ms=0 4650ms=0 4700ms=0 4750ms=0 4800ms=0 4850ms=0 4900ms=0 4950ms=0
50th gpu percentile: 11ms
90th gpu percentile: 13ms
95th gpu percentile: 14ms
99th gpu percentile: 4950ms
GPU HISTOGRAM: 1ms=1 2ms=3 3ms=12 4ms=10 5ms=14 6ms=8 7ms=8 8ms=18 9ms=16 10ms=25 11ms=50 12ms=65 13ms=48 14ms=12 15ms=1 16ms=0 17ms=1 18ms=0 19ms=2 20ms=1 21ms=1 22ms=0 23ms=0 24ms=0 25ms=1 4950ms=8



---PROFILEDATA---
Flags,FrameTimelineVsyncId,IntendedVsync,Vsync,InputEventId,HandleInputStart,AnimationStart,PerformTraversalsStart,DrawStart,FrameDeadline,FrameInterval,FrameStartTime,SyncQueued,SyncStart,IssueDrawCommandsStart,SwapBuffers,FrameCompleted,DequeueBufferDuration,QueueBufferDuration,GpuCompleted,SwapBuffersCompleted,DisplayPresentTime,CommandSubmissionCompleted,
2,15823,95777343331,95777343331,0,95777343331,95777343331,95777343331,95777343331,95810676663,0,16666666,95781994800,95781995233,95782019690,95783512034,95797358634,12408612,243986,95794789020,95797358634,95815049928,95783512034,
2,15831,95794009997,95794009997,0,95794009997,95794009997,95794009997,95794009997,95827343329,0,16666666,95798498227,95798498648,95798533522,95799204886,95817698335,17576289,155138,95811484528,95817698335,95831939738,95799204886,
2,15839,95810676663,95810676663,0,95810676663,95810676663,95810676663,95810676663,95844009995,0,16666666,95818448951,95818449371,95818473287,95819837174,95832733851,11206088,128360,95827978117,95832733851,95847476632,95819837174,
2,15847,95827343329,95827343329,0,95827343329,95827343329,95827343329,95827343329,95860676661,0,16666666,95832831928,95832832033,95832852013,95835029280,95847121018,10000541,199737,95836961379,95847121018,95866710488,95835029280,
2,15855,95844009995,95844009995,0,95844009995,95844009995,95844009995,95844009995,95877343327,0,16666666,95848181064,95848181274,95848201974,95848796538,95867898755,17975201,94261,95862185338,95867898755,95881875606,95848796538,
2,15863,95860676661,95860676661,0,95860676661,95860676661,95860676661,95860676661,95894009993,0,16666666,95868384493,95868384836,95868419938,95870304128,95883213883,7852089,4144596,95878068376,95883213883,95900627327,95870304128,
2,15871,95877343327,95877343327,0,95877343327,95877343327,95877343327,95877343327,95910676659,0,16666666,95883719953,95883720183,95883744323,95884759239,95899393472,13695309,271289,95894406095,95899393472,95915217302,95884759239,
2,15879,95894009993,95894009993,0,95894009993,95894009993,95894009993,95894009993,95927343325,0,16666666,95899580113,95899580268,95899599302,95901732130,95917331048,14839335,170032,95911805958,95917331048,95931344033,95901732130,
2,15887,95910676659,95910676659,0,95910676659,95910676659,95910676659,95910676659,95944009991,0,16666666,95917732924,95917733136,95917753279,95918684476,95931727633,12014300,78167,95927798351,95931727633,95947769525,95918684476,
2,15895,95927343325,95927343325,0,95927343325,95927343325,95927343325,95927343325,95960676657,0,16666666,95932128900,95932129041,95932276295,95933728340,95948126409,12862005,573097,95944639996,95948126409,95966351347,95933728340,
2,15903,95944009991,95944009991,0,95944009991,95944009991,95944009991,95944009991,95977343323,0,16666666,95948770287,95948770607,95948801324,95949474801,95966154733,14859283,174103,95962250931,95966154733,95980825635,95949474801,
2,15911,95960676657,95960676657,0,95960676657,95960676657,95960676657,95960676657,95994009989,0,16666666,95966440384,95966440681,95966461882,95966905042,95981733742,13908917,269542,95977962703,95981733742,95998768961,95966905042,
2,15919,95977343323,95977343323,0,95977343323,95977343323,95977343323,95977343323,96010676655,0,16666666,95982353415,95982353680,95982374856,95983250620,96001004820,16093444,120416,95994420109,96001004820,96015264794,95983250620,
2,15927,95994009989,95994009989,0,95994009989,95994009989,95994009989,95994009989,96027343321,0,16666666,96001580830,96001581061,96001600631,96002177926,96016616650,13215805,312105,96011444218,96016616650,96032515786,96002177926,
2,15935,96010676655,96010676655,0,96010676655,96010676655,96010676655,96010676655,96044009987,0,16666666,96016863751,96016864007,96016883933,96018030733,96030845514,10810890,606123,96019986765,96030845514,96048383955,96018030733,
2,15943,96027343321,96027343321,0,96027343321,96027343321,96027343321,96027343321,96060676653,0,16666666,96031513193,96031513295,96031535792,96034645040,96051997357,16547036,217563,96045291957,96051997357,96064589618,96034645040,
2,15958,96044009987,96044009987,0,96044009987,96044009987,96044009987,96044009987,96077343319,0,16666666,96054987109,96054987432,96055010295,96057458973,96065364383,5438233,432492,96061109770,96065364383,96081586868,96057458973,
2,15973,96060676653,96060676653,0,96060676653,96060676653,96060676653,96060676653,96094009985,0,16666666,96066429198,96066429445,96066454195,96067932221,96082208248,12476854,273223,96078476286,96082208248,96099564086,96067932221,
2,15981,96077343319,96077343319,0,96077343319,96077343319,96077343319,96077343319,96110676651,0,16666666,96082351208,96082351363,96082371208,96084010749,96099927165,14347526,524559,96094638780,96099927165,96115554137,96084010749,
2,15989,96094009985,96094009985,0,96094009985,96094009985,96094009985,96094009985,96127343317,0,16666666,96100239478,96100239678,96100261915,96100832685,96115624649,13443308,827981,96111115879,96115624649,96131372714,96100832685,
2,15997,96110676651,96110676651,0,96110676651,96110676651,96110676651,96110676651,96144009983,0,16666666,96115868545,96115868817,96115890827,96116585285,96133138562,15601073,259230,96128173996,96133138562,96147668224,96116585285,
2,16005,96127343317,96127343317,0,96127343317,96127343317,96127343317,96127343317,96160676649,0,16666666,96133403493,96133403759,96133438492,96134331395,96147409753,11297066,158980,96144554421,96147409753,96165311002,96134331395,
2,16013,96144009983,96144009983,0,96144009983,96144009983,96144009983,96144009983,96177343315,0,16666666,96148382823,96148383375,96148409805,96150940947,96176203106,23237641,394397,96161396487,96176203106,96185003153,96150940947,
2,16021,96160676649,96160676649,0,96160676649,96160676649,96160676649,96160676649,96194009981,0,16666666,96176538030,96176538208,96176564797,96178820591,96192066955,48111,12004097,96191970368,96192066955,96198561790,96178820591,
2,16030,96194009981,96194009981,0,96194009981,96194009981,96194009981,96194009981,96210676647,0,16666666,96198563800,96198564564,96198598157,96199560071,96211147695,2673,266772,96211147695,96200442948,96214184446,96199560071,
2,16038,96210676647,96210676647,0,96210676647,96210676647,96210676647,96210676647,96244009979,0,16666666,96215103242,96215103710,96215128378,96215951249,96227998604,3101,441022,96227998604,96216958717,96231423403,96215951249,
2,16046,96227343313,96227343313,0,96227343313,96227343313,96227343313,96227343313,96260676645,0,16666666,96231936171,96231936474,96231957028,96232990667,96244598574,2479,268615,96244598574,96233902008,96250486962,96232990667,
2,16054,96244009979,96244009979,0,96244009979,96244009979,96244009979,96244009979,96277343311,0,16666666,96250160826,96250161241,96250186872,96250874974,96261338629,3577,433800,96261338629,96251665234,96273387861,96250874974,
2,16062,96260676645,96260676645,0,96260676645,96260676645,96260676645,96260676645,96294009977,0,16666666,96264872469,96264873030,96264895943,96265340268,96278418788,2875,137325,96278418788,96266786190,96283551423,96265340268,
2,16070,96277343311,96277343311,0,96277343311,96277343311,96277343311,96277343311,96310676643,0,16666666,96282536513,96282537213,96282563773,96287843026,96294339203,2517,104683,96294339203,96288323930,96298207736,96287843026,
2,16078,96294009977,96294009977,0,96294009977,96294009977,96294009977,96294009977,96327343309,0,16666666,96298705387,96298705830,96298728999,96299862738,96301778003,4562,485456,96301732207,96301778003,96316183438,96299862738,
2,16086,96310676643,96310676643,0,96310676643,96310676643,96310676643,96310676643,96344009975,0,16666666,96315424644,96315425587,96315455702,96316529859,96328112069,3204,197647,96328112069,96317161948,96331138635,96316529859,
2,16094,96327343309,96327343309,0,96327343309,96327343309,96327343309,96327343309,96360676641,0,16666666,96331690712,96331691117,96331715444,96332956271,96344411668,3764,131333,96344411668,96334082581,96349536655,96332956271,
2,16116,96344009975,96344009975,0,96344009975,96344009975,96344009975,96344009975,96377343307,0,16666666,96348790001,96348790495,96348814691,96349513492,96360925002,3729,872424,96360925002,96352694480,96364095221,96349513492,
2,16152,96360676641,96360676641,0,96360676641,96360676641,96360676641,96360676641,96394009973,0,16666666,96365072482,96365073171,96365100455,96367618571,96377986189,3512,386368,96377986189,96369382134,96381660875,96367618571,
2,16167,96377343307,96377343307,0,96377343307,96377343307,96377343307,96377343307,96410676639,0,16666666,96381556762,96381557370,96381592049,96382360462,96394529715,2772,317295,96394529715,96383313035,96397651465,96382360462,
2,16175,96394009973,96394009973,0,96394009973,96394009973,96394009973,96394009973,96427343305,0,16666666,96398954962,96398955645,96398984748,96400179004,96410935295,3006,279131,96410935295,96401161678,96414626394,96400179004,
2,16183,96410676639,96410676639,0,96410676639,96410676639,96410676639,96410676639,96444009971,0,16666666,96414955175,96414955590,96414977878,96416076398,96428103517,2296,260519,96428103517,96417042114,96430665491,96416076398,
2,16191,96427343305,96427343305,0,96427343305,96427343305,96427343305,96427343305,96460676637,0,16666666,96431731247,96431731793,96431763558,96433203149,96444321943,2394,172027,96444321943,96434131110,96447536815,96433203149,
2,16199,96444009971,96444009971,0,96444009971,96444009971,96444009971,96444009971,96477343303,0,16666666,96448296991,96448297409,96448319649,96449795022,96461077695,3455,410331,96461077695,96451012378,96464055769,96449795022,
2,16207,96460676637,96460676637,0,96460676637,96460676637,96460676637,96460676637,96494009969,0,16666666,96465124958,96465125490,96465154780,96466763627,96478112788,2512,628402,96478112788,96468206991,96481187581,96466763627,
2,16215,96477343303,96477343303,0,96477343303,96477343303,96477343303,96477343303,96510676635,0,16666666,96482599116,96482599492,96482622199,96484057397,96495007191,3280,483630,96495007191,96485717497,96498703335,96484057397,
2,16223,96494009969,96494009969,0,96494009969,96494009969,96494009969,96494009969,96527343301,0,16666666,96498266071,96498266528,96498291467,96499961688,96512005965,4081,820408,96512005965,96501679954,96514910371,96499961688,
2,16231,96510676635,96510676635,0,96510676635,96510676635,96510676635,96510676635,96544009967,0,16666666,96515682548,96515683002,96515770373,96517207131,96528801766,2404,159365,96528801766,96518183561,96533202882,96517207131,
2,16239,96527343301,96527343301,0,96527343301,96527343301,96527343301,96527343301,96560676633,0,16666666,96531602987,96531603640,96531634877,96534162275,96544810078,4621,233396,96544810078,96535664675,96547808738,96534162275,
2,16247,96544009967,96544009967,0,96544009967,96544009967,96544009967,96544009967,96577343299,0,16666666,96548629764,96548630358,96548658879,96549354861,96560901149,3794,454100,96560901149,96550171702,96563929590,96549354861,
2,16255,96560676633,96560676633,0,96560676633,96560676633,96560676633,96560676633,96594009965,0,16666666,96564897174,96564897598,96564921078,96566488248,96578566874,2967,431151,96578566874,96567727275,96583754989,96566488248,
2,16263,96577343299,96577343299,0,96577343299,96577343299,96577343299,96577343299,96610676631,0,16666666,96582660119,96582660504,96582684651,96583731686,96586167171,3675,569597,96586098008,96586167171,96598716357,96583731686,
2,16271,96594009965,96594009965,0,96594009965,96594009965,96594009965,96594009965,96627343297,0,16666666,96598729950,96598730591,96598757435,96599425873,96601958317,4985,1873234,96601864058,96601958317,96615480684,96599425873,
2,16279,96610676631,96610676631,0,96610676631,96610676631,96610676631,96610676631,96644009963,0,16666666,96615055370,96615055792,96615077083,96615704272,96628113342,3469,745432,96628113342,96617015350,96633072607,96615704272,
2,16287,96627343297,96627343297,0,96627343297,96627343297,96627343297,96627343297,96660676629,0,16666666,96631613058,96631613417,96631678046,96633273313,96638681470,3302,1971328,96638629670,96638681470,96647961379,96633273313,
2,16295,96644009963,96644009963,0,96644009963,96644009963,96644009963,96644009963,96677343295,0,16666666,96648443523,96648443990,96648466347,96651078882,96661620928,3744,468893,96661620928,96652093133,96666661235,96651078882,
2,16303,96660676629,96660676629,0,96660676629,96660676629,96660676629,96660676629,96694009961,0,16666666,96665933971,96665934415,96665955517,96667805252,96678143143,3122,288988,96678143143,96668621958,96681724527,96667805252,
2,16311,96677343295,96677343295,0,96677343295,96677343295,96677343295,96677343295,96710676627,0,16666666,96681798104,96681798583,96681822959,96682654677,96694412142,2909,370040,96694412142,96683384974,96698077797,96682654677,
2,16319,96694009961,96694009961,0,96694009961,96694009961,96694009961,96694009961,96727343293,0,16666666,96698399654,96698400066,96698424109,96702877707,96707675291,3725,2563298,96707620417,96707675291,96714892074,96702877707,
2,16327,96710676627,96710676627,0,96710676627,96710676627,96710676627,96710676627,96744009959,0,16666666,96714893912,96714894467,96714932596,96716157050,96727805787,2314,215422,96727805787,96716838547,96730590539,96716157050,
2,16335,96727343293,96727343293,0,96727343293,96727343293,96727343293,96727343293,96760676625,0,16666666,96733449414,96733449995,96733474216,96735740546,96744446236,3580,354737,96744446236,96736592171,96747662904,96735740546,
2,16343,96744009959,96744009959,0,96744009959,96744009959,96744009959,96744009959,96777343291,0,16666666,96748420674,96748421285,96748448004,96749704461,96752787680,4363,2053981,96752720659,96752787680,96764596233,96749704461,
2,16351,96760676625,96760676625,0,96760676625,96760676625,96760676625,96760676625,96794009957,0,16666666,96765004691,96765005162,96765031682,96765981479,96777702607,2977,672404,96777702607,96767981016,96781003689,96765981479,
2,16359,96777343291,96777343291,0,96777343291,96777343291,96777343291,96777343291,96810676623,0,16666666,96781695879,96781696225,96781718551,96782972035,96794479248,2970,536626,96794479248,96784115915,96797629336,96782972035,
2,16367,96794009957,96794009957,0,96794009957,96794009957,96794009957,96794009957,96827343289,0,16666666,96798290684,96798291240,96798317018,96798799531,96811118510,2774,204743,96811118510,96799832500,96814664909,96798799531,
2,16375,96810676623,96810676623,0,96810676623,96810676623,96810676623,96810676623,96844009955,0,16666666,96815136719,96815137169,96815159888,96816804738,96827828333,2901,388475,96827828333,96818360687,96831984909,96816804738,
2,16383,96827343289,96827343289,0,96827343289,96827343289,96827343289,96827343289,96860676621,0,16666666,96831749175,96831749846,96831772787,96833322722,96844578678,2600,506088,96844578678,96834384674,96847794805,96833322722,
2,16391,96844009955,96844009955,0,96844009955,96844009955,96844009955,96844009955,96877343287,0,16666666,96848207246,96848207689,96848232638,96849570072,96861328962,3520,387295,96861328962,96851272207,96864610780,96849570072,
2,16399,96860676621,96860676621,0,96860676621,96860676621,96860676621,96860676621,96894009953,0,16666666,96864873083,96864873736,96864905136,96865551755,96878411047,2699,234314,96878411047,96866483077,96881514023,96865551755,
2,16407,96877343287,96877343287,0,96877343287,96877343287,96877343287,96877343287,96910676619,0,16666666,96881967108,96881967489,96881993616,96882652436,96894751205,299470,623756,96894751205,96884082105,96898642433,96882652436,
2,16415,96894009953,96894009953,0,96894009953,96894009953,96894009953,96894009953,96927343285,0,16666666,96899242638,96899243231,96899267025,96899896705,96911853685,4826,264405,96911853685,96901268464,96915449739,96899896705,
2,16423,96910676619,96910676619,0,96910676619,96910676619,96910676619,96910676619,96944009951,0,16666666,96915171255,96915171765,96915193893,96918164708,96928373075,3388,466355,96928373075,96919638736,96931659759,96918164708,
2,16431,96927343285,96927343285,0,96927343285,96927343285,96927343285,96927343285,96960676617,0,16666666,96931775458,96931776026,96931806555,96935650052,96944716415,4882,426457,96944716415,96937407506,96949497023,96935650052,
2,16439,96944009951,96944009951,0,96944009951,96944009951,96944009951,96944009951,96977343283,0,16666666,96948369726,96948370193,96948398265,96949417729,96962446801,86227,247896,96962446801,96950273632,96966145791,96949417729,
2,16447,96960676617,96960676617,0,96960676617,96960676617,96960676617,96960676617,96994009949,0,16666666,96966151029,96966151572,96966179040,96967151858,96977851368,6548,522218,96977851368,96970256412,96982409722,96967151858,
2,16455,96977343283,96977343283,0,96977343283,96977343283,96977343283,96977343283,97010676615,0,16666666,96981649829,96981650512,96981682397,96984621717,96994770206,4855,263210,96994770206,96985720906,96998227933,96984621717,
2,16463,96994009949,96994009949,0,96994009949,96994009949,96994009949,96994009949,97027343281,0,16666666,96998881673,96998882425,96998913090,96999824055,97012975038,5795,534030,97012975038,97000992073,97017315363,96999824055,
2,16471,97010676615,97010676615,0,97010676615,97010676615,97010676615,97010676615,97044009947,0,16666666,97016854359,97016854999,97016887671,97017651525,97027862752,2425,708661,97027862752,97019075730,97031278164,97017651525,
2,16479,97027343281,97027343281,0,97027343281,97027343281,97027343281,97027343281,97060676613,0,16666666,97031587212,97031587906,97031620523,97033058820,97044481731,5362,157897,97044481731,97034028151,97048028536,97033058820,
2,16487,97044009947,97044009947,0,97044009947,97044009947,97044009947,97044009947,97077343279,0,16666666,97049388131,97049388830,97049419259,97053142656,97061414635,5038,931238,97061414635,97054750967,97066475632,97053142656,
2,16495,97060676613,97060676613,0,97060676613,97060676613,97060676613,97060676613,97094009945,0,16666666,97066372571,97066373316,97066423315,97068159339,97078808055,1193662,1103849,97078808055,97071196803,97083000933,97068159339,
2,16503,97077343279,97077343279,0,97077343279,97077343279,97077343279,97077343279,97110676611,0,16666666,97081664097,97081664772,97081695338,97082498465,97096222599,1175921,362545,97096222599,97084573457,97099828767,97082498465,
2,16511,97094009945,97094009945,0,97094009945,97094009945,97094009945,97094009945,97127343277,0,16666666,97101115715,97101116340,97101146521,97102058420,97111552382,5637,292097,97111552382,97102987254,97116173557,97102058420,
2,16519,97110676611,97110676611,0,97110676611,97110676611,97110676611,97110676611,97144009943,0,16666666,97115216302,97115216799,97115242144,97115686961,97128054642,3372,120366,97128054642,97116384145,97131849047,97115686961,
2,16527,97127343277,97127343277,0,97127343277,97127343277,97127343277,97127343277,97160676609,0,16666666,97131915671,97131916466,97131948554,97134091758,97145521172,4403,242230,97145521172,97135274068,97149014143,97134091758,
2,16535,97144009943,97144009943,0,97144009943,97144009943,97144009943,97144009943,97177343275,0,16666666,97149049897,97149050498,97149080135,97149953263,97162103273,4376,302110,97162103273,97151046935,97165725762,97149953263,
2,16543,97160676609,97160676609,0,97160676609,97160676609,97160676609,97160676609,97194009941,0,16666666,97165968394,97165968888,97165992041,97166999698,97178300107,4313,234796,97178300107,97167754252,97181940328,97166999698,
2,16551,97177343275,97177343275,0,97177343275,97177343275,97177343275,97177343275,97210676607,0,16666666,97181580528,97181580929,97181728431,97183209068,97195349285,3971,247234,97195349285,97183966399,97232034674,97183209068,
2,16559,97194009941,97194009941,0,97194009941,97194009941,97194009941,97194009941,97227343273,0,16666666,97200720824,97200721289,97200747784,97202050719,97238742282,16845242,373728,97238742282,97232938551,97252505017,97202050719,
2,16566,97227343273,97227343273,0,97227343273,97227343273,97227343273,97227343273,97244009939,0,16666666,97234783774,97234784680,97234818504,97236027461,97252784404,13962610,1615215,97238765439,97252784404,97266221346,97236027461,
2,16574,97244009939,97244009939,0,97244009939,97244009939,97244009939,97244009939,97277343271,0,16666666,97252856102,97252856207,97252876908,97253322323,97266712688,11666525,1026651,97260961983,97266712688,97281687381,97253322323,
2,16582,97260676605,97260676605,0,97260676605,97260676605,97260676605,97260676605,97294009937,0,16666666,97267015464,97267015684,97267035347,97267952357,97281174942,11836729,186489,97278041797,97281174942,97297826578,97267952357,
2,16590,97277343271,97277343271,0,97277343271,97277343271,97277343271,97277343271,97310676603,0,16666666,97281703944,97281704397,97281730727,97282584512,97298452271,15354834,121213,97294999648,97298452271,97337294450,97282584512,
2,16598,97294009937,97294009937,0,97294009937,97294009937,97294009937,97294009937,97327343269,0,16666666,97298650144,97298650352,97298675215,97299176092,97338946782,39014980,99594,97311359330,97338946782,97341073511,97299176092,
2,16606,97327343269,97327343269,0,97327343269,97327343269,97327343269,97327343269,97327343269,0,16666666,97339033303,97339033455,97339056437,97341732828,97344828051,2647,134578,97344828051,97342313830,97348190033,97341732828,
2,16615,97344009935,97344009935,0,97344009935,97344009935,97344009935,97344009935,97377343267,0,16666666,97348305588,97348306376,97348332658,97349350809,97361260647,3855,503806,97361260647,97350749809,97366252261,97349350809,
2,16623,97360676601,97360676601,0,97360676601,97360676601,97360676601,97360676601,97394009933,0,16666666,97365016945,97365017576,97365049916,97366399075,97379300514,2425,128004,97379300514,97366949314,97382608845,97366399075,
2,16631,97377343267,97377343267,0,97377343267,97377343267,97377343267,97377343267,97410676599,0,16666666,97382090892,97382091287,97382120166,97382922963,97395728435,3204,178981,97395728435,97383401112,97398719636,97382922963,
2,16639,97394009933,97394009933,0,97394009933,97394009933,97394009933,97394009933,97427343265,0,16666666,97398796635,97398796962,97398819529,97399492710,97411860781,2554,230281,97411860781,97400049328,97414465832,97399492710,
2,16647,97410676599,97410676599,0,97410676599,97410676599,97410676599,97410676599,97444009931,0,16666666,97415037601,97415038007,97415060314,97415812029,97429805265,2264,136712,97429805265,97416572839,97436471848,97415812029,
2,16655,97427343265,97427343265,0,97427343265,97427343265,97427343265,97427343265,97460676597,0,16666666,97432260137,97432261279,97432292446,97433915571,97445033273,3420,137756,97445033273,97436882224,97447564116,97433915571,
2,16663,97444009931,97444009931,0,97444009931,97444009931,97444009931,97444009931,97477343263,0,16666666,97449007463,97449007783,97449032445,97449892196,97461223080,2976,185303,97461223080,97450568385,97465035262,97449892196,
2,16671,97460676597,97460676597,0,97460676597,97460676597,97460676597,97460676597,97494009929,0,16666666,97465189140,97465189788,97465220779,97466293024,97477870586,2151,127747,97477870586,97466905633,97481385079,97466293024,
2,16679,97477343263,97477343263,0,97477343263,97477343263,97477343263,97477343263,97510676595,0,16666666,97481724855,97481725543,97481755366,97482436768,97496087780,4715,310956,97496087780,97483400928,97499237733,97482436768,
2,16687,97494009929,97494009929,0,97494009929,97494009929,97494009929,97494009929,97527343261,0,16666666,97498326010,97498326665,97498674735,97500240618,97513592304,2018,109448,97513592304,97500705519,97521091510,97500240618,
2,16695,97510676595,97510676595,0,97510676595,97510676595,97510676595,97510676595,97544009927,0,16666666,97516636769,97516637294,97516660345,97517632736,97528584182,1147056,282260,97528584182,97519369516,97530976272,97517632736,
2,16703,97527343261,97527343261,0,97527343261,97527343261,97527343261,97527343261,97560676593,0,16666666,97532477719,97532478202,97532502932,97532971265,97557258976,3198,235194,97557258976,97555616552,97565791031,97532971265,
2,16710,97544009927,97544009927,0,97544009927,97544009927,97544009927,97544009927,97577343259,0,16666666,97555830408,97555830547,97555855044,97556425195,97565321031,7950942,158682,97557271019,97565321031,97581600101,97556425195,
2,16718,97560676593,97560676593,0,97560676593,97560676593,97560676593,97560676593,97594009925,0,16666666,97565731978,97565732322,97565758704,97566750122,97583000874,15257933,175626,97577785317,97583000874,97599361170,97566750122,
2,16726,97577343259,97577343259,0,97577343259,97577343259,97577343259,97577343259,97610676591,0,16666666,97583458222,97583458643,97583918237,97587407029,97599986049,11660019,146961,97594912359,97599986049,97616881009,97587407029,
2,16734,97594009925,97594009925,0,97594009925,97594009925,97594009925,97594009925,97627343257,0,16666666,97601504225,97601504438,97601545350,97610049120,97619419406,7149323,139078,97619419406,97617923190,97634258966,97610049120,
2,16742,97610676591,97610676591,0,97610676591,97610676591,97610676591,97610676591,97644009923,0,16666666,97618031697,97618031810,97618054174,97618708642,97633731674,14174095,124090,97629827525,97633731674,97650097806,97618708642,
2,16750,97627343257,97627343257,0,97627343257,97627343257,97627343257,97627343257,97660676589,0,16666666,97634027585,97634028113,97634081587,97637222518,97651941942,12151933,1188360,97644931472,97651941942,97664991853,97637222518,
2,16758,97644009923,97644009923,0,97644009923,97644009923,97644009923,97644009923,97677343255,0,16666666,97653542732,97653543081,97653581608,97656280492,97665576370,8171662,632620,97661600279,97665576370,97681758617,97656280492,
2,16766,97660676589,97660676589,0,97660676589,97660676589,97660676589,97660676589,97694009921,0,16666666,97665914883,97665915055,97665934653,97666297693,97683429165,15240571,282898,97677921083,97683429165,97698515987,97666297693,
2,16774,97677343255,97677343255,0,97677343255,97677343255,97677343255,97677343255,97710676587,0,16666666,97683574323,97683574476,97683599049,97685000039,97698745022,10748153,804701,97687780030,97698745022,97714172059,97685000039,
2,16782,97694009921,97694009921,0,97694009921,97694009921,97694009921,97694009921,97727343253,0,16666666,97698967533,97698967972,97698994188,97700029218,97713906015,13122569,195110,97711066165,97713906015,97732040707,97700029218,
2,16790,97710676587,97710676587,0,97710676587,97710676587,97710676587,97710676587,97744009919,0,16666666,97714849113,97714849452,97714871590,97715259766,97731674447,15924555,149289,97728215225,97731674447,97749950015,97715259766,
2,16798,97727343253,97727343253,0,97727343253,97727343253,97727343253,97727343253,97760676585,0,16666666,97731793337,97731793585,97731816056,97732768662,97750070040,15839184,158654,97746347557,97750070040,97765297469,97732768662,
2,16806,97744009919,97744009919,0,97744009919,97744009919,97744009919,97744009919,97777343251,0,16666666,97750363519,97750363775,97750389116,97750851820,97765610974,14027527,156218,97762129645,97765610974,97781292222,97750851820,
2,16814,97760676585,97760676585,0,97760676585,97760676585,97760676585,97760676585,97794009917,0,16666666,97765888777,97765888995,97765912972,97766464165,97780758664,13367785,356350,97777945827,97780758664,95747893904,97766464165,
2,16822,97777343251,97777343251,0,97777343251,97777343251,97777343251,97777343251,97810676583,0,16666666,97781516026,97781516432,97781542637,97782870498,97798129091,14358636,230119,97794786970,97798129091,95765055263,97782870498,
2,16830,97794009917,97794009917,0,97794009917,97794009917,97794009917,97794009917,97827343249,0,16666666,97798360769,97798360907,97798382063,97798893325,97815508936,15493765,537048,97811730229,97815508936,95780791941,97798893325,
2,16838,97810676583,97810676583,0,97810676583,97810676583,97810676583,97810676583,97827343249,0,16666666,97817591094,97817591661,97817627656,97819248257,95780970130,12786306,539107,95777913005,97833343153,95797032772,97819248257,
---PROFILEDATA---


View hierarchy:

  com.aicloudsolutions.chatcloud/com.aicloudsolutions.chatcloud.MainActivity/android.view.ViewRootImpl@8d1946a
  13 views, 25.78 kB of render nodes


Total ViewRootImpl   : 1
Total attached Views : 13
Total RenderNode     : 25.78 kB (used) / 85.18 kB (capacity)

