Applications Graphics Acceleration Info:
Uptime: 264765 Realtime: 264765

** Graphics info for pid 8151 [com.aicloudsolutions.chatcloud] **

Stats since: 259660187615ns
Total frames rendered: 209
Janky frames: 4 (1.91%)
Janky frames (legacy): 16 (7.66%)
50th percentile: 17ms
90th percentile: 19ms
95th percentile: 22ms
99th percentile: 53ms
Number Missed Vsync: 1
Number High input latency: 405
Number Slow UI thread: 1
Number Slow bitmap uploads: 0
Number Slow issue draw commands: 3
Number Frame deadline missed: 4
Number Frame deadline missed (legacy): 4
HISTOGRAM: 5ms=0 6ms=0 7ms=0 8ms=0 9ms=0 10ms=0 11ms=0 12ms=0 13ms=0 14ms=0 15ms=0 16ms=3 17ms=134 18ms=50 19ms=6 20ms=1 21ms=2 22ms=3 23ms=5 24ms=0 25ms=1 26ms=0 27ms=0 28ms=1 29ms=0 30ms=0 31ms=0 32ms=0 34ms=0 36ms=0 38ms=0 40ms=0 42ms=0 44ms=0 46ms=0 48ms=0 53ms=2 57ms=0 61ms=0 65ms=0 69ms=0 73ms=0 77ms=0 81ms=0 85ms=0 89ms=0 93ms=0 97ms=0 101ms=0 105ms=0 109ms=0 113ms=0 117ms=0 121ms=0 125ms=0 129ms=0 133ms=0 150ms=0 200ms=0 250ms=0 300ms=0 350ms=0 400ms=0 450ms=0 500ms=1 550ms=0 600ms=0 650ms=0 700ms=0 750ms=0 800ms=0 850ms=0 900ms=0 950ms=0 1000ms=0 1050ms=0 1100ms=0 1150ms=0 1200ms=0 1250ms=0 1300ms=0 1350ms=0 1400ms=0 1450ms=0 1500ms=0 1550ms=0 1600ms=0 1650ms=0 1700ms=0 1750ms=0 1800ms=0 1850ms=0 1900ms=0 1950ms=0 2000ms=0 2050ms=0 2100ms=0 2150ms=0 2200ms=0 2250ms=0 2300ms=0 2350ms=0 2400ms=0 2450ms=0 2500ms=0 2550ms=0 2600ms=0 2650ms=0 2700ms=0 2750ms=0 2800ms=0 2850ms=0 2900ms=0 2950ms=0 3000ms=0 3050ms=0 3100ms=0 3150ms=0 3200ms=0 3250ms=0 3300ms=0 3350ms=0 3400ms=0 3450ms=0 3500ms=0 3550ms=0 3600ms=0 3650ms=0 3700ms=0 3750ms=0 3800ms=0 3850ms=0 3900ms=0 3950ms=0 4000ms=0 4050ms=0 4100ms=0 4150ms=0 4200ms=0 4250ms=0 4300ms=0 4350ms=0 4400ms=0 4450ms=0 4500ms=0 4550ms=0 4600ms=0 4650ms=0 4700ms=0 4750ms=0 4800ms=0 4850ms=0 4900ms=0 4950ms=0
50th gpu percentile: 13ms
90th gpu percentile: 14ms
95th gpu percentile: 14ms
99th gpu percentile: 16ms
GPU HISTOGRAM: 1ms=0 2ms=0 3ms=1 4ms=1 5ms=1 6ms=0 7ms=0 8ms=2 9ms=2 10ms=3 11ms=7 12ms=37 13ms=99 14ms=47 15ms=6 16ms=1 17ms=0 18ms=0 19ms=0 20ms=0 21ms=0 22ms=0 23ms=0 24ms=1 25ms=0 4950ms=1

Pipeline=Skia (OpenGL)
CPU Caches:
  Glyph Cache: 0.00 bytes (1 entry)
  Glyph Count: 0 
Total CPU memory usage:
  0 bytes, 0.00 bytes (0.00 bytes is purgeable)
GPU Caches:
  Other:
    Other: 0.00 bytes (1 entry)
  Image:
    Texture: 35.25 KB (1 entry)
  Scratch:
    Texture: 35.25 KB (1 entry)
    Buffer Object: 80.00 KB (2 entries)
Total GPU memory usage:
  154120 bytes, 150.51 KB (102.51 KB is purgeable)

Profile data in ms:

	com.aicloudsolutions.chatcloud/com.aicloudsolutions.chatcloud.MainActivity/android.view.ViewRootImpl@cb355e5 (visibility=0)
Window: com.aicloudsolutions.chatcloud/com.aicloudsolutions.chatcloud.MainActivity
Stats since: 259790584780ns
Total frames rendered: 209
Janky frames: 4 (1.91%)
Janky frames (legacy): 16 (7.66%)
50th percentile: 17ms
90th percentile: 19ms
95th percentile: 22ms
99th percentile: 53ms
Number Missed Vsync: 1
Number High input latency: 405
Number Slow UI thread: 1
Number Slow bitmap uploads: 0
Number Slow issue draw commands: 3
Number Frame deadline missed: 4
Number Frame deadline missed (legacy): 4
HISTOGRAM: 5ms=0 6ms=0 7ms=0 8ms=0 9ms=0 10ms=0 11ms=0 12ms=0 13ms=0 14ms=0 15ms=0 16ms=3 17ms=134 18ms=50 19ms=6 20ms=1 21ms=2 22ms=3 23ms=5 24ms=0 25ms=1 26ms=0 27ms=0 28ms=1 29ms=0 30ms=0 31ms=0 32ms=0 34ms=0 36ms=0 38ms=0 40ms=0 42ms=0 44ms=0 46ms=0 48ms=0 53ms=2 57ms=0 61ms=0 65ms=0 69ms=0 73ms=0 77ms=0 81ms=0 85ms=0 89ms=0 93ms=0 97ms=0 101ms=0 105ms=0 109ms=0 113ms=0 117ms=0 121ms=0 125ms=0 129ms=0 133ms=0 150ms=0 200ms=0 250ms=0 300ms=0 350ms=0 400ms=0 450ms=0 500ms=1 550ms=0 600ms=0 650ms=0 700ms=0 750ms=0 800ms=0 850ms=0 900ms=0 950ms=0 1000ms=0 1050ms=0 1100ms=0 1150ms=0 1200ms=0 1250ms=0 1300ms=0 1350ms=0 1400ms=0 1450ms=0 1500ms=0 1550ms=0 1600ms=0 1650ms=0 1700ms=0 1750ms=0 1800ms=0 1850ms=0 1900ms=0 1950ms=0 2000ms=0 2050ms=0 2100ms=0 2150ms=0 2200ms=0 2250ms=0 2300ms=0 2350ms=0 2400ms=0 2450ms=0 2500ms=0 2550ms=0 2600ms=0 2650ms=0 2700ms=0 2750ms=0 2800ms=0 2850ms=0 2900ms=0 2950ms=0 3000ms=0 3050ms=0 3100ms=0 3150ms=0 3200ms=0 3250ms=0 3300ms=0 3350ms=0 3400ms=0 3450ms=0 3500ms=0 3550ms=0 3600ms=0 3650ms=0 3700ms=0 3750ms=0 3800ms=0 3850ms=0 3900ms=0 3950ms=0 4000ms=0 4050ms=0 4100ms=0 4150ms=0 4200ms=0 4250ms=0 4300ms=0 4350ms=0 4400ms=0 4450ms=0 4500ms=0 4550ms=0 4600ms=0 4650ms=0 4700ms=0 4750ms=0 4800ms=0 4850ms=0 4900ms=0 4950ms=0
50th gpu percentile: 13ms
90th gpu percentile: 14ms
95th gpu percentile: 14ms
99th gpu percentile: 16ms
GPU HISTOGRAM: 1ms=0 2ms=0 3ms=1 4ms=1 5ms=1 6ms=0 7ms=0 8ms=2 9ms=2 10ms=3 11ms=7 12ms=37 13ms=99 14ms=47 15ms=6 16ms=1 17ms=0 18ms=0 19ms=0 20ms=0 21ms=0 22ms=0 23ms=0 24ms=1 25ms=0 4950ms=1



---PROFILEDATA---
Flags,FrameTimelineVsyncId,IntendedVsync,Vsync,InputEventId,HandleInputStart,AnimationStart,PerformTraversalsStart,DrawStart,FrameDeadline,FrameInterval,FrameStartTime,SyncQueued,SyncStart,IssueDrawCommandsStart,SwapBuffers,FrameCompleted,DequeueBufferDuration,QueueBufferDuration,GpuCompleted,SwapBuffersCompleted,DisplayPresentTime,CommandSubmissionCompleted,
2,84830,262744003319,262744003319,0,262744003319,262744003319,262744003319,262744003319,262777336651,0,16666666,262748898145,262748898636,262748920474,262749273366,262761108633,2776,108735,262761108633,262749678555,262763758223,262749273366,
2,84838,262760669985,262760669985,0,262760669985,262760669985,262760669985,262760669985,262794003317,0,16666666,262764931315,262764931766,262764957896,262765441432,262778207756,2058,117748,262778207756,262765873472,262780929937,262765441432,
2,84846,262777336651,262777336651,0,262777336651,262777336651,262777336651,262777336651,262810669983,0,16666666,262782170638,262782171324,262782195523,262782579371,262794931359,3821,177458,262794931359,262783132551,262797818085,262782579371,
2,84854,262794003317,262794003317,0,262794003317,262794003317,262794003317,262794003317,262827336649,0,16666666,262799014785,262799015213,262799043701,262799454881,262811529045,2759,137804,262811529045,262800085437,262814724229,262799454881,
2,84862,262810669983,262810669983,0,262810669983,262810669983,262810669983,262810669983,262844003315,0,16666666,262814905072,262814905465,262814928445,262815363971,262828254745,3686,138384,262828254745,262815826978,262831044758,262815363971,
2,84870,262827336649,262827336649,0,262827336649,262827336649,262827336649,262827336649,262860669981,0,16666666,262832862422,262832862760,262832885940,262833276073,262844462531,2825,142392,262844462531,262833894881,262847147344,262833276073,
2,84878,262844003315,262844003315,0,262844003315,262844003315,262844003315,262844003315,262877336647,0,16666666,262848815079,262848815701,262848838242,262849219008,262861475852,4533,247343,262861475852,262849795173,262864815065,262849219008,
2,84886,262860669981,262860669981,0,262860669981,262860669981,262860669981,262860669981,262894003313,0,16666666,262865384883,262865385264,262865408075,262865775167,262877950670,2550,104412,262877950670,262866153985,262880944482,262865775167,
2,84894,262877336647,262877336647,0,262877336647,262877336647,262877336647,262877336647,262910669979,0,16666666,262882980865,262882981355,262883006235,262883410806,262894753475,2536,170564,262894753475,262884000038,262898105144,262883410806,
2,84902,262894003313,262894003313,0,262894003313,262894003313,262894003313,262894003313,262927336645,0,16666666,262898973424,262898973919,262899000001,262899383440,262912830676,2424,141195,262912830676,262901203168,262915574256,262899383440,
2,84910,262910669979,262910669979,0,262910669979,262910669979,262910669979,262910669979,262944003311,0,16666666,262914908334,262914908801,262914933917,262915993483,262928560446,3654,163288,262928560446,262916478659,262930973627,262915993483,
2,84918,262927336645,262927336645,0,262927336645,262927336645,262927336645,262927336645,262960669977,0,16666666,262932130171,262932130602,262932153204,262932647019,262944847133,2412,114382,262944847133,262933116453,262947368882,262932647019,
2,84926,262944003311,262944003311,0,262944003311,262944003311,262944003311,262944003311,262977336643,0,16666666,262949069472,262949069927,262949092978,262949514366,262961776350,2620,122640,262961776350,262949932287,262964466700,262949514366,
2,84934,262960669977,262960669977,0,262960669977,262960669977,262960669977,262960669977,262994003309,0,16666666,262964901415,262964901968,262964926361,262965587957,262979407525,3154,169675,262979407525,262966365951,262983082398,262965587957,
2,84942,262977336643,262977336643,0,262977336643,262977336643,262977336643,262977336643,263010669975,0,16666666,262983027132,262983027855,262983071972,262983717700,262994700312,2057,108789,262994700312,262984138642,262997296142,262983717700,
2,84950,262994003309,262994003309,0,262994003309,262994003309,262994003309,262994003309,263027336641,0,16666666,262998949015,262998949409,262998973893,262999447895,263011320306,3056,147688,263011320306,262999866582,263013723400,262999447895,
2,84958,263010669975,263010669975,0,263010669975,263010669975,263010669975,263010669975,263044003307,0,16666666,263015573745,263015574165,263015596393,263016036018,263028371401,2708,239717,263028371401,263016663374,263031681795,263016036018,
2,84966,263027336641,263027336641,0,263027336641,263027336641,263027336641,263027336641,263060669973,0,16666666,263031735924,263031736240,263031758941,263032167523,263044800646,2304,104515,263044800646,263032521421,263047761532,263032167523,
2,84974,263044003307,263044003307,0,263044003307,263044003307,263044003307,263044003307,263077336639,0,16666666,263048955266,263048955789,263048978854,263049396594,263061298456,2264,116438,263061298456,263049777306,263063614258,263049396594,
2,84982,263060669973,263060669973,0,263060669973,263060669973,263060669973,263060669973,263094003305,0,16666666,263065991274,263065991633,263066014120,263066440768,263078553625,2640,121547,263078553625,263066862580,263081416296,263066440768,
2,84990,263077336639,263077336639,0,263077336639,263077336639,263077336639,263077336639,263110669971,0,16666666,263081603491,263081604037,263081626706,263082073997,263094776457,2563,122027,263094776457,263082514111,263098269598,263082073997,
2,84998,263094003305,263094003305,0,263094003305,263094003305,263094003305,263094003305,263127336637,0,16666666,263098221728,263098222470,263098367034,263099029642,263113265975,2221,117404,263113265975,263099805448,263117337406,263099029642,
2,85006,263110669971,263110669971,0,263110669971,263110669971,263110669971,263110669971,263144003303,0,16666666,263115623182,263115623545,263115647107,263116132188,263129182785,87084,131617,263129182785,263117417846,263132339923,263116132188,
2,85014,263127336637,263127336637,0,263127336637,263127336637,263127336637,263127336637,263160669969,0,16666666,263132432797,263132433135,263132455223,263132820576,263144949151,2407,101216,263144949151,263133195614,263149277521,263132820576,
2,85022,263144003303,263144003303,0,263144003303,263144003303,263144003303,263144003303,263177336635,0,16666666,263148914506,263148914958,263148936821,263149423791,263161708030,2462,130530,263161708030,263149824132,263164104639,263149423791,
2,85030,263160669969,263160669969,0,263160669969,263160669969,263160669969,263160669969,263194003301,0,16666666,263164896757,263164897292,263164920448,263166119790,263179105372,2544,122480,263179105372,263166593124,263181715568,263166119790,
2,85038,263177336635,263177336635,0,263177336635,263177336635,263177336635,263177336635,263210669967,0,16666666,263181844363,263181844846,263181871507,263182277583,263196112360,2509,140259,263196112360,263182694429,263199084803,263182277583,
2,85046,263194003301,263194003301,0,263194003301,263194003301,263194003301,263194003301,263227336633,0,16666666,263198882906,263198883437,263198908577,263199704508,263211138294,2428,130491,263211138294,263201480051,263214711272,263199704508,
2,85054,263210669967,263210669967,0,263210669967,263210669967,263210669967,263210669967,263244003299,0,16666666,263214936301,263214936749,263214961748,263215368596,263227924688,2559,164788,263227924688,263215873801,263230736872,263215368596,
2,85062,263227336633,263227336633,0,263227336633,263227336633,263227336633,263227336633,263260669965,0,16666666,263232904691,263232905203,263232929030,263233379343,263244757678,2577,133560,263244757678,263233847881,263247166367,263233379343,
2,85070,263244003299,263244003299,0,263244003299,263244003299,263244003299,263244003299,263277336631,0,16666666,263248893640,263248894014,263248918320,263249354473,263261466338,4540,142598,263261466338,263249921763,263265390178,263249354473,
2,85078,263260669965,263260669965,0,263260669965,263260669965,263260669965,263260669965,263294003297,0,16666666,263265531817,263265532272,263265555039,263265938651,263278998444,3483,111392,263278998444,263266415464,263285100811,263265938651,
2,85086,263277336631,263277336631,0,263277336631,263277336631,263277336631,263277336631,263310669963,0,16666666,263281564619,263281565211,263281633126,263282017063,263295009382,2310,144175,263295009382,263285343854,263297640335,263282017063,
2,85094,263294003297,263294003297,0,263294003297,263294003297,263294003297,263294003297,263327336629,0,16666666,263298971496,263298971877,263298994289,263299441219,263311746995,2875,116313,263311746995,263299854850,263314370017,263299441219,
2,85102,263310669963,263310669963,0,263310669963,263310669963,263310669963,263310669963,263344003295,0,16666666,263315700830,263315701191,263315722974,263316099475,263328205175,3066,126562,263328205175,263316482343,263330835244,263316099475,
2,85110,263327336629,263327336629,0,263327336629,263327336629,263327336629,263327336629,263360669961,0,16666666,263332912394,263332912814,263332935796,263333358911,263344693151,2500,149072,263344693151,263333851153,263346965332,263333358911,
2,85118,263344003295,263344003295,0,263344003295,263344003295,263344003295,263344003295,263377336627,0,16666666,263348235161,263348235668,263348260069,263348638925,263361706968,2546,117027,263361706968,263349045094,263366842961,263348638925,
2,85126,263360669961,263360669961,0,263360669961,263360669961,263360669961,263360669961,263394003293,0,16666666,263364906835,263364907322,263364936932,263365338513,263378407042,2934,122593,263378407042,263366988671,263380991415,263365338513,
2,85134,263377336627,263377336627,0,263377336627,263377336627,263377336627,263377336627,263410669959,0,16666666,263382805615,263382806180,263382839310,263383289151,263395073508,2267,114941,263395073508,263383758880,263398025306,263383289151,
2,85142,263394003293,263394003293,0,263394003293,263394003293,263394003293,263394003293,263427336625,0,16666666,263398238297,263398238697,263398263251,263398651220,263412130446,2851,151511,263412130446,263399060800,263415782981,263398651220,
2,85150,263410669959,263410669959,0,263410669959,263410669959,263410669959,263410669959,263444003291,0,16666666,263415403457,263415403831,263415429822,263415829278,263429339308,3115,149984,263429339308,263416465500,263435131100,263415829278,
2,85158,263427336625,263427336625,0,263427336625,263427336625,263427336625,263427336625,263460669957,0,16666666,263433122581,263433122981,263433149530,263433816019,263444799426,2991,160570,263444799426,263435360575,263447787822,263433816019,
2,85166,263444003291,263444003291,0,263444003291,263444003291,263444003291,263444003291,263477336623,0,16666666,263448337186,263448337865,263448361799,263449074174,263461892640,3104,147072,263461892640,263449673904,263465139470,263449074174,
2,85174,263460669957,263460669957,0,263460669957,263460669957,263460669957,263460669957,263494003289,0,16666666,263465399570,263465400227,263465432384,263465987672,263478904997,4554,226195,263478904997,263466684521,263483845253,263465987672,
2,85182,263477336623,263477336623,0,263477336623,263477336623,263477336623,263477336623,263510669955,0,16666666,263481767486,263481768058,263481875653,263482315376,263495183551,696662,261261,263495183551,263483945736,263498546982,263482315376,
2,85190,263494003289,263494003289,0,263494003289,263494003289,263494003289,263494003289,263527336621,0,16666666,263498744649,263498745494,263498779822,263499195634,263513166358,3092,122787,263513166358,263499632486,263520125423,263499195634,
2,85198,263510669955,263510669955,0,263510669955,263510669955,263510669955,263510669955,263544003287,0,16666666,263515008246,263515008633,263515032730,263515479300,263528232362,620509,156502,263528232362,263517448350,263533840988,263515479300,
2,85206,263527336621,263527336621,0,263527336621,263527336621,263527336621,263527336621,263560669953,0,16666666,263532934900,263532935437,263532963593,263533699602,263544844778,578660,166636,263544844778,263534919215,263548702477,263533699602,
2,85214,263544003287,263544003287,0,263544003287,263544003287,263544003287,263544003287,263577336619,0,16666666,263548792471,263548792999,263548823172,263549739879,263561829470,5700,499174,263561829470,263550806381,263566017471,263549739879,
2,85222,263560669953,263560669953,0,263560669953,263560669953,263560669953,263560669953,263594003285,0,16666666,263564939893,263564940537,263564966051,263566162028,263580522378,2876,205492,263580522378,263567858067,263587228255,263566162028,
2,85230,263577336619,263577336619,0,263577336619,263577336619,263577336619,263577336619,263610669951,0,16666666,263581786350,263581786901,263581813611,263582242277,263594718583,3722864,210438,263594718583,263587292455,263597746343,263582242277,
2,85238,263594003285,263594003285,0,263594003285,263594003285,263594003285,263594003285,263627336617,0,16666666,263598911928,263598912568,263598934163,263599311281,263611521059,2623,156281,263611521059,263599809626,263614453037,263599311281,
2,85246,263610669951,263610669951,0,263610669951,263610669951,263610669951,263610669951,263644003283,0,16666666,263614896077,263614896483,263614919995,263615298901,263629040447,3123,135726,263629040447,263615731679,263632034720,263615298901,
2,85254,263627336617,263627336617,0,263627336617,263627336617,263627336617,263627336617,263660669949,0,16666666,263632102306,263632102784,263632125512,263632481097,263645411848,2986,197665,263645411848,263632999367,263648655542,263632481097,
2,85262,263644003283,263644003283,0,263644003283,263644003283,263644003283,263644003283,263677336615,0,16666666,263648701893,263648702354,263648728192,263649298810,263662975224,2591,117796,263662975224,263649715300,263666769144,263649298810,
2,85270,263660669949,263660669949,0,263660669949,263660669949,263660669949,263660669949,263694003281,0,16666666,263665859223,263665859701,263665884854,263666304818,263678034012,2510,126960,263678034012,263667093500,263681142829,263666304818,
2,85278,263677336615,263677336615,0,263677336615,263677336615,263677336615,263677336615,263710669947,0,16666666,263682505591,263682506061,263682533863,263683066928,263694552168,3179,218386,263694552168,263683672382,263697555123,263683066928,
2,85286,263694003281,263694003281,0,263694003281,263694003281,263694003281,263694003281,263727336613,0,16666666,263698231985,263698232389,263698255312,263698635577,263713328788,2658,125045,263713328788,263699118019,263718040924,263698635577,
2,85294,263710669947,263710669947,0,263710669947,263710669947,263710669947,263710669947,263744003279,0,16666666,263715612617,263715613173,263715642761,263716812387,263728674279,2855,124969,263728674279,263718285994,263731900926,263716812387,
2,85302,263727336613,263727336613,0,263727336613,263727336613,263727336613,263727336613,263760669945,0,16666666,263731877977,263731878502,263731905840,263732328189,263746144725,6121,286882,263746144725,263733024580,263749042453,263732328189,
2,85310,263744003279,263744003279,0,263744003279,263744003279,263744003279,263744003279,263777336611,0,16666666,263749167765,263749168314,263749193076,263749554591,263761448804,2190,109556,263761448804,263749908928,263764519527,263749554591,
2,85318,263760669945,263760669945,0,263760669945,263760669945,263760669945,263760669945,263794003277,0,16666666,263764901126,263764901519,263764924999,263765287120,263778344269,2623,119087,263778344269,263765714408,263780963394,263765287120,
2,85326,263777336611,263777336611,0,263777336611,263777336611,263777336611,263777336611,263810669943,0,16666666,263781565029,263781565403,263781587712,263781948050,263794768256,2624,118085,263794768256,263782388654,263797262982,263781948050,
2,85334,263794003277,263794003277,0,263794003277,263794003277,263794003277,263794003277,263827336609,0,16666666,263798661675,263798662136,263798683924,263799028870,263811629835,2391,113919,263811629835,263799395126,263815257336,263799028870,
2,85342,263810669943,263810669943,0,263810669943,263810669943,263810669943,263810669943,263844003275,0,16666666,263815355711,263815356211,263815383177,263815804059,263828059590,2976,147612,263828059590,263816315916,263830831254,263815804059,
2,85350,263827336609,263827336609,0,263827336609,263827336609,263827336609,263827336609,263860669941,0,16666666,263832152829,263832153249,263832174943,263832594335,263845838684,2487,129552,263845838684,263833192010,263848514135,263832594335,
2,85358,263844003275,263844003275,0,263844003275,263844003275,263844003275,263844003275,263877336607,0,16666666,263848544923,263848545403,263848573142,263849062443,263863290850,2654,106612,263863290850,263849574009,263865940800,263849062443,
2,85366,263860669941,263860669941,0,263860669941,263860669941,263860669941,263860669941,263894003273,0,16666666,263865538799,263865539207,263865564031,263866176830,263877901552,2721,109461,263877901552,263866591513,263880935716,263866176830,
2,85374,263877336607,263877336607,0,263877336607,263877336607,263877336607,263877336607,263910669939,0,16666666,263883210923,263883211399,263883240884,263883866062,263894719047,4061,212351,263894719047,263884550623,263897351736,263883866062,
2,85382,263894003273,263894003273,0,263894003273,263894003273,263894003273,263894003273,263927336605,0,16666666,263898631254,263898631792,263898657515,263899065810,263912994571,4261,191258,263912994571,263899611279,263920349261,263899065810,
2,85390,263910669939,263910669939,0,263910669939,263910669939,263910669939,263910669939,263944003271,0,16666666,263914916424,263914917024,263914945222,263915407601,263929576545,842726,262805,263929576545,263917570962,263933101652,263915407601,
2,85398,263927336605,263927336605,0,263927336605,263927336605,263927336605,263927336605,263960669937,0,16666666,263932039401,263932040106,263932069780,263932450861,263945139868,2244,105968,263945139868,263933312283,263948112335,263932450861,
2,85406,263944003271,263944003271,0,263944003271,263944003271,263944003271,263944003271,263977336603,0,16666666,263948235799,263948236293,263948258963,263948620905,263961600907,2579,107428,263961600907,263949067603,263964264518,263948620905,
2,85414,263960669937,263960669937,0,263960669937,263960669937,263960669937,263960669937,263994003269,0,16666666,263965606433,263965606911,263965634361,263966045250,263978198482,4560,219545,263978198482,263966763715,263981496075,263966045250,
2,85422,263977336603,263977336603,0,263977336603,263977336603,263977336603,263977336603,264010669935,0,16666666,263983162452,263983163075,263983190233,263983589717,263994868391,3502,138630,263994868391,263984274003,263998953852,263983589717,
2,85430,263994003269,263994003269,0,263994003269,263994003269,263994003269,263994003269,264027336601,0,16666666,263999037341,263999037749,263999061677,263999423614,264012756621,2670,114345,264012756621,263999814737,264018707955,263999423614,
2,85438,264010669935,264010669935,0,264010669935,264010669935,264010669935,264010669935,264044003267,0,16666666,264015666741,264015667193,264015694868,264016695735,264029116629,2461,137410,264029116629,264018564602,264031648920,264016695735,
2,85446,264027336601,264027336601,0,264027336601,264027336601,264027336601,264027336601,264060669933,0,16666666,264031745596,264031746024,264031769675,264032192461,264044686333,2257,135226,264044686333,264032586805,264047970578,264032192461,
2,85454,264044003267,264044003267,0,264044003267,264044003267,264044003267,264044003267,264077336599,0,16666666,264048230646,264048231120,264048256402,264048613190,264061542748,2812,157451,264061542748,264049135277,264063933784,264048613190,
2,85462,264060669933,264060669933,0,264060669933,264060669933,264060669933,264060669933,264094003265,0,16666666,264065160915,264065161343,264065182146,264065526841,264078824837,2545,132307,264078824837,264065925680,264081527102,264065526841,
2,85470,264077336599,264077336599,0,264077336599,264077336599,264077336599,264077336599,264110669931,0,16666666,264081565860,264081566253,264081589498,264081957313,264094305355,2488,141616,264094305355,264082375329,264096868280,264081957313,
2,85478,264094003265,264094003265,0,264094003265,264094003265,264094003265,264094003265,264127336597,0,16666666,264098235627,264098236043,264098259259,264098748233,264112165173,2630,173137,264112165173,264099233910,264118156117,264098748233,
2,85486,264110669931,264110669931,0,264110669931,264110669931,264110669931,264110669931,264144003263,0,16666666,264115673605,264115674125,264115733425,264116279954,264128408206,2318,179643,264128408206,264118278446,264131199406,264116279954,
2,85494,264127336597,264127336597,0,264127336597,264127336597,264127336597,264127336597,264160669929,0,16666666,264131556477,264131556831,264131577097,264131963605,264144711928,2070,133202,264144711928,264132358343,264147541534,264131963605,
2,85502,264144003263,264144003263,0,264144003263,264144003263,264144003263,264144003263,264177336595,0,16666666,264149133934,264149134289,264149158810,264149541030,264161798145,2707,144990,264161798145,264149966621,264165137455,264149541030,
2,85510,264160669929,264160669929,0,264160669929,264160669929,264160669929,264160669929,264194003261,0,16666666,264165015735,264165016110,264165038060,264165411788,264179166762,2835,150650,264179166762,264165865453,264182329215,264165411788,
2,85518,264177336595,264177336595,0,264177336595,264177336595,264177336595,264177336595,264210669927,0,16666666,264182391000,264182392000,264182428055,264183122461,264194453884,3085,243407,264194453884,264183725378,264197201353,264183122461,
2,85526,264194003261,264194003261,0,264194003261,264194003261,264194003261,264194003261,264227336593,0,16666666,264198231244,264198231599,264198252195,264198600804,264211736000,2049,121825,264211736000,264198946221,264215271353,264198600804,
2,85534,264210669927,264210669927,0,264210669927,264210669927,264210669927,264210669927,264244003259,0,16666666,264214909096,264214909567,264214929235,264215363918,264228112282,2575,156728,264228112282,264215926184,264231149785,264215363918,
2,85542,264227336593,264227336593,0,264227336593,264227336593,264227336593,264227336593,264260669925,0,16666666,264232251396,264232251964,264232273410,264232626881,264244598674,2115,134371,264244598674,264233022340,264247216105,264232626881,
2,85550,264244003259,264244003259,0,264244003259,264244003259,264244003259,264244003259,264277336591,0,16666666,264248772130,264248772635,264248797342,264249207759,264262773757,2422,165428,264262773757,264249758693,264266341680,264249207759,
2,85558,264260669925,264260669925,0,264260669925,264260669925,264260669925,264260669925,264294003257,0,16666666,264264913072,264264913529,264264939934,264265670492,264278057868,4305,357308,264278057868,264267004199,264281775341,264265670492,
2,85566,264277336591,264277336591,0,264277336591,264277336591,264277336591,264277336591,264310669923,0,16666666,264281627131,264281627881,264281657686,264282611028,264295804899,3166,178230,264295804899,264283380126,264298843840,264282611028,
2,85574,264294003257,264294003257,0,264294003257,264294003257,264294003257,264294003257,264327336589,0,16666666,264298635970,264298636620,264298663672,264299288866,264312289752,2484,138795,264312289752,264299729568,264316275275,264299288866,
2,85582,264310669923,264310669923,0,264310669923,264310669923,264310669923,264310669923,264344003255,0,16666666,264315777162,264315777766,264315809880,264316497308,264328646195,2565,118674,264328646195,264316951389,264331163399,264316497308,
2,85590,264327336589,264327336589,0,264327336589,264327336589,264327336589,264327336589,264360669921,0,16666666,264331561394,264331561792,264331582949,264332023722,264345901648,2301,111235,264345901648,264332402232,264348692732,264332023722,
2,85598,264344003255,264344003255,0,264344003255,264344003255,264344003255,264344003255,264377336587,0,16666666,264348840901,264348841383,264348864702,264349668796,264361786109,2344,104338,264361786109,264350108464,264365693263,264349668796,
2,85606,264360669921,264360669921,0,264360669921,264360669921,264360669921,264360669921,264394003253,0,16666666,264365543072,264365543560,264365566219,264366067863,264379264083,2640,160759,264379264083,264366554027,264382337276,264366067863,
2,85614,264377336587,264377336587,0,264377336587,264377336587,264377336587,264377336587,264410669919,0,16666666,264381713589,264381714192,264381744386,264382608330,264394599776,2757,127652,264394599776,264383057141,264421937746,264382608330,
2,85622,264394003253,264394003253,0,264394003253,264394003253,264394003253,264394003253,264427336585,0,16666666,264398824665,264398825295,264398853310,264399261193,264422385921,13668596,358674,264422385921,264421149115,264434853980,264399261193,
2,85630,264410669919,264410669919,0,264410669919,264410669919,264410669919,264410669919,264444003251,0,16666666,264421299132,264421299238,264421319584,264421775693,264432974818,10532543,257506,264428934698,264432974818,264447299006,264421775693,
2,85638,264427336585,264427336585,0,264427336585,264427336585,264427336585,264427336585,264460669917,0,16666666,264433483134,264433483435,264433506261,264435390181,264447699625,11767024,169452,264444313935,264447699625,264496869291,264435390181,
2,85646,264444003251,264444003251,0,264444003251,264444003251,264444003251,264444003251,264477336583,0,16666666,264448183843,264448184011,264448207494,264448812878,264496867969,47144197,345188,264461371334,264496867969,264504009212,264448812878,
2,85654,264494003249,264494003249,0,264494003249,264494003249,264494003249,264494003249,264477336583,0,16666666,264497053679,264497053860,264497204962,264497679399,264511602816,4909971,210058,264511602816,264503448023,264516771081,264497679399,
2,85663,264510669915,264510669915,0,264510669915,264510669915,264510669915,264510669915,264544003247,0,16666666,264516758070,264516758396,264516780978,264517182489,264528649682,2377,116198,264528649682,264517622639,264531860448,264517182489,
2,85671,264527336581,264527336581,0,264527336581,264527336581,264527336581,264527336581,264560669913,0,16666666,264531901773,264531902167,264531927305,264532387987,264545136914,2263,112466,264545136914,264532784954,264548150669,264532387987,
2,85679,264544003247,264544003247,0,264544003247,264544003247,264544003247,264544003247,264577336579,0,16666666,264548299975,264548300534,264548331622,264549209816,264561721704,2446,125043,264561721704,264549636173,264564747556,264549209816,
2,85687,264560669913,264560669913,0,264560669913,264560669913,264560669913,264560669913,264594003245,0,16666666,264564971410,264564972063,264565012859,264565664921,264577917131,4217,209673,264577917131,264566322975,264580435365,264565664921,
2,85695,264577336579,264577336579,0,264577336579,264577336579,264577336579,264577336579,264610669911,0,16666666,264581627995,264581628724,264581659721,264582346536,264594934511,2572,127117,264594934511,264582987266,264603106086,264582346536,
2,85703,264594003245,264594003245,0,264594003245,264594003245,264594003245,264594003245,264627336577,0,16666666,264598766815,264598767194,264598790254,264599310115,264611476132,3339394,161622,264611476132,264603167504,264616452147,264599310115,
2,85711,264610669911,264610669911,0,264610669911,264610669911,264610669911,264610669911,264644003243,0,16666666,264616251469,264616251951,264616275799,264616681526,264627949444,2574,114291,264627949444,264617107675,264631119506,264616681526,
2,85719,264627336577,264627336577,0,264627336577,264627336577,264627336577,264627336577,264660669909,0,16666666,264633005597,264633006130,264633031736,264633441956,264644780071,3622,220872,264644780071,264634043160,264647243222,264633441956,
2,85727,264644003243,264644003243,0,264644003243,264644003243,264644003243,264644003243,264677336575,0,16666666,264648787785,264648788229,264648812972,264649326106,264661467543,2571,116094,264661467543,264649743820,264664159523,264649326106,
2,85735,264660669909,264660669909,0,264660669909,264660669909,264660669909,264660669909,264694003241,0,16666666,264665361885,264665362296,264665386045,264665790936,264678134913,2398,128016,264678134913,264666226423,264680986837,264665790936,
2,85743,264677336575,264677336575,0,264677336575,264677336575,264677336575,264677336575,264710669907,0,16666666,264682177960,264682178382,264682202322,264682720511,264694730764,2993,140670,264694730764,264683201504,264697986751,264682720511,
2,85751,264694003241,264694003241,0,264694003241,264694003241,264694003241,264694003241,264727336573,0,16666666,264698229657,264698230107,264698251934,264698833253,264711285395,2925,133578,264711285395,264699293464,264716367018,264698833253,
2,85759,264710669907,264710669907,0,264710669907,264710669907,264710669907,264710669907,264744003239,0,16666666,264715677694,264715678260,264715715310,264716440686,264729284823,2350,110453,264729284823,264716829145,262697903483,264716440686,
2,85767,264727336573,264727336573,0,264727336573,264727336573,264727336573,264727336573,264760669905,0,16666666,264732405674,264732406257,264732432824,264733150720,264745954023,3560,183969,264745954023,264733748455,262713802780,264733150720,
2,85775,264744003239,264744003239,0,264744003239,264744003239,264744003239,264744003239,264777336571,0,16666666,264749172031,264749172547,264749196286,264749621753,264761672192,2381,115352,264761672192,264750191809,262732306194,264749621753,
2,85783,264760669905,264760669905,0,264760669905,264760669905,264760669905,264760669905,264777336571,0,16666666,264765078088,264765078888,264765152564,264766317622,262744600698,2244,114542,262744600698,264766794638,262747257709,264766317622,
---PROFILEDATA---


View hierarchy:

  com.aicloudsolutions.chatcloud/com.aicloudsolutions.chatcloud.MainActivity/android.view.ViewRootImpl@cb355e5
  13 views, 25.78 kB of render nodes


Total ViewRootImpl   : 1
Total attached Views : 13
Total RenderNode     : 25.78 kB (used) / 85.18 kB (capacity)

